0
261
619
1123
1662
1925
2077
1921
1672
1187
634
1
-647
-1186
-1681
-1920
-2073
-1921
-1673
-1189
-635
-2
646
1185
1680
1919
2072
1920
1672
1188
634
1
-647
-1186
-1681
-1920
-2073
-1921
-1673
-1189
-635
-2
646
1185
1680
1919
2072
1920
1672
1188
634
1
-647
-1186
-1681
-1920
-2073
-1921
-1673
-1189
-635
-2
646
1185
1680
1919
2072
1920
1672
1188
634
1
-647
-1186
-1681
-1920
-2073
-1921
-1673
-1189
-635
-2
646
1185
1680
1919
2072
1920
1672
1188
634
1
-647
-1186
-1681
-1920
-2073
-1921
-1673
-1189
-635
-2
646
1185
1680
1919
2072
1920
1672
1188
634
1
-647
-1186
-1681
-1920
-2073
-1921
-1673
-1189
-635
-2
646
1185
1680
1919
2072
1920
1672
1188
634
1
-647
-1186
-1681
-1920
-2073
-1921
-1673
-1189
-635
-2
646
1185
1680
1919
2072
1920
1672
1188
634
1
-647
-1186
-1681
-1920
-2073
-1921
-1673
-1189
-635
-2
646
1185
1680
1919
2072
1920
1672
1188
634
1
-647
-1186
-1681
-1920
-2073
-1921
-1673
-1189
-635
-2
646
1185
1680
1919
2072
1920
1672
1188
634
1
-647
-1186
-1681
-1920
-2073
-1921
-1673
-1189
-635
